4294967278,306
4294967279,310
4294967279,309
4294967278,305
30,5
30,4
30,3
30,2
30,1
30,0
29,5
29,4
4294967279,308
29,3
29,2
29,1
29,0
4294967294,1412
4294967278,304
4294967278,303
28,6
28,5
28,4
28,3
28,2
28,1
28,0
4294967279,307
4294967278,302
4294967279,306
27,6
4294967279,305
27,5
4294967278,301
27,4
4294967279,304
27,3
27,2
27,1
27,0
4294967279,303
4294967278,300
4294967294,471
4294967279,302
4294967294,1411
4294967294,1410
4294967278,299
4294967279,301
4294967278,298
26,6
4294967279,300
26,5
4294967278,297
26,4
4294967279,299
26,3
26,2
26,1
26,0
4294967278,296
4294967279,298
4294967278,295
4294967279,297
25,6
25,5
25,4
25,3
25,2
25,1
25,0
4294967278,294
24,5
24,4
24,3
24,2
24,1
24,0
4294967294,1409
4294967294,184
4294967294,1408
4294967294,1151
4294967279,296
4294967278,293
23,4
23,3
23,2
23,1
23,0
4294967294,81
22,4
22,3
22,2
22,1
22,0
21,5
4294967278,292
21,4
21,3
21,2
21,1
21,0
4294967279,295
4294967294,470
20,5
20,4
20,3
20,2
20,1
20,0
4294967278,291
19,4
19,3
19,2
19,1
19,0
4294967278,290
4294967279,294
4294967278,289
18,4
18,3
18,2
18,1
18,0
4294967278,288
17,5
17,4
17,3
17,2
17,1
17,0
4294967279,293
4294967294,1150
4294967294,438
4294967294,1149
4294967294,1148
16,6
16,5
16,4
16,3
16,2
16,1
16,0
4294967279,292
15,4
15,3
15,2
15,1
15,0
4294967279,291
14,6
14,5
14,4
14,3
14,2
14,1
14,0
4294967279,290
4294967278,287
4294967279,289
13,5
13,4
13,3
13,2
13,1
13,0
4294967278,286
12,4
12,3
12,2
12,1
12,0
4294967278,285
4294967294,1147
4294967294,1146
4294967294,908
4294967294,469
4294967294,971
4294967279,288
4294967278,284
11,5
11,4
11,3
11,2
11,1
11,0
4294967279,287
10,6
10,5
10,4
10,3
10,2
10,1
10,0
4294967279,286
9,5
9,4
9,3
9,2
9,1
9,0
4294967278,283
8,5
8,4
8,3
8,2
8,1
8,0
4294967279,285
7,5
7,4
7,3
7,2
7,1
7,0
4294967278,282
6,6
6,5
6,4
6,3
6,2
6,1
6,0
4294967278,281
5,5
5,4
5,3
5,2
5,1
5,0
4294967294,468
4294967278,280
4,5
4,4
4,3
4,2
4,1
4,0
4294967278,279
3,6
3,5
3,4
4294967278,274
3,3
3,2
3,1
3,0
4294967279,284
2,5
2,4
4294967279,283
2,3
2,2
2,1
2,0
4294967279,282
4294967279,281
4294967293,131
4294967293,130
4294967293,129
4294967293,128
4294967293,127
4294967293,126
4294967293,125
4294967293,124
4294967293,123
4294967293,122
4294967293,121
4294967293,120
4294967293,119
4294967293,118
4294967293,117
4294967293,116
4294967293,115
4294967293,114
4294967293,113
4294967293,112
4294967293,111
4294967293,110
4294967293,109
4294967293,108
4294967293,107
4294967293,106
4294967293,105
4294967293,104
4294967293,103
4294967293,102
4294967293,101
4294967293,100
4294967293,99
4294967293,98
4294967293,97
4294967293,96
4294967293,95
4294967293,94
4294967293,93
4294967293,92
4294967293,91
4294967293,90
4294967293,89
4294967293,88
4294967293,87
4294967293,86
4294967293,85
4294967293,84
4294967293,83
4294967293,82
